89 163
91 193
94 223
102 250
118 274
142 293
170 306
198 315
224 319
243 314
256 299
264 280
269 259
274 239
279 219
282 200
280 180
140 138
158 128
180 125
201 128
220 136
245 141
257 138
270 139
280 142
284 151
234 158
237 173
241 188
246 203
217 220
227 224
236 227
243 225
249 222
164 158
177 153
190 153
199 162
188 164
176 163
245 168
256 162
267 163
272 172
266 174
255 172
192 254
211 246
227 243
235 247
243 245
251 251
254 261
248 267
240 270
231 270
222 269
208 263
200 254
225 252
234 254
242 254
250 259
241 255
233 255
224 253
