56 132
56 150
59 168
63 186
68 203
77 217
87 229
98 240
110 244
126 242
144 234
162 222
178 207
188 189
193 169
196 147
198 126
57 122
64 116
74 114
86 115
96 121
114 120
128 113
145 111
161 113
176 119
105 134
104 149
103 165
101 180
94 184
98 188
105 190
112 188
119 185
70 133
77 130
86 130
94 136
85 137
76 137
127 135
136 129
146 128
155 131
146 136
136 137
85 202
92 202
99 201
105 204
111 201
122 202
136 201
123 211
112 215
105 215
99 214
92 211
87 203
99 206
105 207
111 206
132 202
111 206
105 207
99 206
