# face++
161 421
38 240
39 267
42 293
46 320
54 346
67 370
84 390
106 407
131 418
255 219
258 246
259 273
259 301
257 328
248 354
233 377
215 397
191 413
99 233
99 229
79 233
89 233
109 231
98 226
118 228
98 222
88 226
109 222
58 229
71 221
86 214
103 210
120 204
65 210
81 199
101 196
107 332
159 351
133 338
122 342
138 349
181 334
192 337
178 346
158 339
201 324
157 331
146 323
126 327
133 331
167 322
184 322
179 327
156 324
129 228
124 267
131 295
150 300
159 224
172 262
169 291
116 285
184 278
148 284
189 224
188 220
169 223
178 224
199 222
189 217
207 219
187 212
177 215
198 214
161 199
179 201
198 202
215 204
231 208
178 188
199 187
218 193
# below hair
133 101
85 95
46 125
44 176
198 84
234 131
238 176
# above hair
128 38
68 59
36 92
17 161
12 236
21 281
40 325
199 55
248 91
285 138
284 209
283 257
278 293
264 311
# collar
92 425
91 486
132 486
165 486
244 486
262 381
252 365
224 428
245 399
195 457
211 442
250 383
236 413
261 430
265 384
103 446
114 467
180 470
111 486
205 486
# neck
83 395
# suit
9 486
80 442
318 408
263 366
257 366
